1000 5000
383 886 27
915 793 35
386 492 49
421 362 27
690 59 13
926 540 26
172 736 11
368 567 29
782 530 12
123 67 35
929 802 22
58 69 17
393 456 11
42 229 23
421 919 34
537 198 24
315 370 13
526 91 30
956 873 12
170 996 31
305 925 34
327 336 5
846 729 13
857 124 45
582 545 14
367 434 14
43 750 37
808 276 28
788 584 3
651 754 49
932 60 26
368 739 12
226 586 44
539 795 20
434 378 17
601 97 2
317 492 2
756 301 30
286 441 15
689 444 19
440 729 31
117 97 21
481 675 9
927 567 6
497 353 36
965 306 33
219 624 28
871 732 29
503 19 20
368 708 15
340 149 46
723 618 45
846 451 21
555 379 38
764 228 41
350 193 0
34 764 24
914 987 6
743 491 27
365 859 36
432 551 37
228 275 7
474 121 8
395 29 37
235 793 18
428 143 11
928 529 26
404 443 13
613 538 6
840 904 18
128 688 19
917 917 46
324 743 20
183 490 49
772 725 44
590 505 39
954 786 19
82 542 14
197 507 5
804 348 11
622 828 49
343 746 18
340 422 11
810 605 1
661 730 28
305 320 36
444 626 22
465 708 16
282 258 24
637 62 24
600 36 2
899 379 0
468 71 23
131 881 30
933 894 10
163 199 31
899 996 9
773 813 18
190 95 26
466 84 40
90 684 26
542 936 7
445 756 29
418 887 12
348 172 9
9 336 10
342 587 6
301 713 22
321 255 19
599 721 4
939 811 40
667 705 28
127 150 34
658 920 24
422 269 46
81 630 34
292 972 22
850 625 35
222 299 40
42 898 13
298 190 24
590 209 31
819 336 32
155 994 4
379 769 23
776 850 5
860 142 29
884 993 5
621 567 4
613 961 4
326 259 44
202 202 6
784 21 42
868 528 39
872 908 8
498 36 8
753 248 3
333 133 48
890 754 17
746 368 29
500 46 38
797 249 40
303 33 13
497 253 42
686 125 2
996 975 38
157 729 36
460 414 21
460 304 28
27 50 48
556 902 44
697 699 43
39 2 28
403 500 31
647 538 9
151 535 34
339 692 15
127 504 29
49 964 35
429 343 35
177 900 38
971 949 39
367 988 42
795 743 44
829 390 32
340 541 19
826 232 11
42 360 17
23 761 31
309 190 25
996 367 27
234 690 26
524 57 14
168 205 8
312 386 0
346 726 44
916 552 28
529 946 40
647 970 1
80 631 43
857 627 12
886 214 5
512 90 12
479 610 19
189 274 5
641 620 33
987 888 38
566 770 34
856 417 6
260 849 37
205 59 17
518 945 33
873 458 23
637 289 33
607 478 7
314 471 29
100 459 18
438 25 38
74 233 7
681 493 8
270 699 17
839 569 13
622 794 23
847 431 12
682 390 42
791 57 15
521 157 24
491 947 1
231 21 37
740 54 30
98 325 31
516 516 2
231 139 46
404 338 30
218 21 20
862 812 29
977 685 36
904 176 33
207 759 7
744 499 11
127 950 36
560 818 5
563 49 44
711 805 34
291 375 5
614 589 18
993 918 5
882 822 32
717 30 43
574 126 43
486 253 43
74 814 13
179 377 12
775 88 19
710 732 44
17 346 35
137 691 3
943 573 28
925 291 10
18 217 36
963 55 40
858 130 4
571 661 33
685 789 23
604 851 5
250 868 3
485 6 45
639 949 20
967 226 13
677 596 31
865 560 36
955 770 18
211 342 32
196 379 21
270 984 22
427 234 40
283 72 48
830 63 47
950 30 23
714 59 22
47 924 32
435 232 4
954 443 48
486 640 28
159 262 12
683 41 48
723 324 22
122 154 35
821 457 15
747 171 26
269 218 1
703 653 33
907 959 28
806 797 20
84 308 34
698 991 26
898 715 2
171 189 9
506 10 16
224 109 39
0 378 9
53 81 14
338 989 26
67 147 23
787 231 32
122 281 25
850 179 40
254 350 31
813 857 44
181 81 3
720 433 32
181 487 15
296 825 4
722 892 1
297 32 34
181 506 15
57 708 45
999 962 47
483 776 4
977 309 37
932 382 21
266 563 10
682 211 35
86 285 30
990 583 14
476 116 20
892 525 28
839 525 40
136 360 18
643 337 28
582 621 10
955 888 25
815 570 37
853 8 22
783 350 7
97 827 26
269 71 1
149 910 28
639 398 38
610 393 27
890 976 49
552 931 37
777 99 7
566 952 17
641 735 18
298 184 45
776 805 16
428 954 28
308 593 28
197 555 22
774 445 0
325 997 33
412 127 32
421 693 34
439 334 21
159 985 7
354 761 12
972 541 16
852 850 12
482 399 17
154 173 15
506 851 14
790 263 41
172 37 37
859 828 21
280 987 6
590 341 20
352 665 11
69 517 11
83 351 12
300 506 38
667 364 39
32 154 4
875 679 41
412 538 19
636 170 6
844 760 49
814 465 14
326 886 33
39 969 35
152 621 43
790 289 9
631 673 14
735 548 45
877 313 33
198 949 5
155 793 18
156 960 33
823 286 21
358 677 40
245 181 11
990 323 0
100 954 25
364 42 24
659 919 39
844 469 38
551 976 33
19 133 43
304 956 31
475 666 11
967 912 42
729 902 18
131 2 24
207 718 16
183 377 37
472 573 7
62 125 33
797 496 18
141 153 26
474 980 43
485 948 5
30 29 9
898 160 12
424 719 30
641 902 10
480 726 33
789 140 8
723 938 7
493 431 10
220 905 40
613 391 38
270 421 17
829 671 30
743 95 49
24 88 4
386 569 32
969 710 23
30 433 13
587 279 44
649 499 1
339 464 42
330 86 15
349 915 36
881 11 34
133 387 22
287 773 43
519 742 4
244 124 39
259 63 18
353 712 19
705 404 33
799 734 19
315 435 37
853 669 0
487 802 37
562 89 10
205 960 4
911 557 29
403 816 42
821 522 5
443 579 11
528 378 47
700 45 32
787 899 1
589 386 3
426 948 44
36 506 7
92 417 14
921 820 30
166 994 4
123 437 33
484 317 12
931 17 9
165 156 8
69 745 45
422 171 45
569 559 1
676 652 21
340 925 43
172 91 39
527 566 28
812 50 46
124 333 13
186 499 20
794 568 15
141 342 39
437 263 48
590 939 2
513 631 28
257 804 21
346 683 38
225 495 40
421 972 26
634 158 25
356 952 45
472 446 39
111 883 3
661 825 42
216 339 24
344 596 30
267 294 13
757 519 10
650 292 32
876 279 40
953 635 45
598 107 41
937 570 26
540 584 1
83 800 42
609 496 40
939 763 35
304 873 6
164 523 1
349 751 30
339 704 15
986 302 25
79 591 47
407 484 31
561 919 31
53 528 27
494 819 43
581 123 18
187 639 43
438 988 44
320 680 48
486 18 2
463 98 45
10 505 29
142 66 48
425 472 28
853 966 47
748 547 22
516 86 12
159 877 0
553 197 32
3 35 1
107 498 49
154 861 6
334 3 25
784 428 47
763 633 15
560 381 14
185 897 0
97 408 29
349 313 29
634 316 14
585 775 15
986 930 26
892 616 29
569 752 9
366 515 45
833 428 26
847 613 26
300 62 36
629 763 0
508 397 16
775 982 44
540 320 26
518 565 44
499 134 46
908 853 12
303 686 42
432 534 7
810 834 19
596 815 34
696 324 32
465 451 16
361 343 37
187 861 2
981 360 38
879 620 41
293 924 28
135 708 12
942 870 46
163 466 11
500 515 37
234 332 40
950 693 33
339 880 44
293 213 4
382 444 25
323 738 1
951 873 11
465 168 31
813 683 49
977 535 14
464 769 46
107 72 41
740 411 23
587 57 36
793 439 31
620 114 21
371 418 46
534 883 14
567 697 0
67 674 35
433 490 7
132 949 29
523 690 42
147 629 49
335 422 40
968 43 5
339 766 25
936 653 10
52 220 7
204 287 33
540 721 26
997 205 27
878 728 19
170 227 48
520 563 21
660 883 16
267 223 32
292 511 35
553 563 8
862 768 45
198 660 18
376 9 23
503 887 4
673 57 31
823 929 46
44 942 30
12 209 5
747 854 16
134 759 31
742 973 1
638 171 13
958 899 22
484 755 11
90 780 21
923 603 0
320 0 42
952 12 4
807 759 8
525 894 17
158 636 40
560 626 14
973 937 15
748 421 20
409 863 0
832 786 4
833 458 6
127 410 18
631 569 28
341 446 24
458 605 10
901 165 39
867 490 26
732 238 49
705 0 12
457 832 48
461 17 7
169 497 19
538 128 39
18 470 35
392 280 42
754 533 7
743 400 0
21 485 38
720 190 40
634 647 25
983 461 44
142 630 41
63 520 20
554 538 42
492 930 22
34 685 8
94 780 8
644 802 45
784 522 37
925 157 35
602 492 48
296 986 30
840 49 1
512 956 39
654 448 22
428 482 7
88 576 37
797 220 39
694 5 14
782 282 23
869 236 15
417 884 3
299 724 4
350 236 10
292 242 8
164 23 41
721 111 19
410 260 40
902 955 47
916 89 31
439 958 17
806 375 1
511 674 28
265 377 16
976 669 11
134 833 36
127 906 49
697 316 10
839 570 17
986 486 8
767 277 16
136 435 43
37 946 19
367 212 46
934 540 17
95 674 0
631 802 8
630 851 25
242 690 47
161 676 34
169 795 13
135 931 1
180 320 47
900 688 11
996 974 1
114 69 28
416 52 32
625 682 33
502 277 23
949 790 1
235 960 46
799 447 29
502 628 49
799 528 39
13 876 13
766 990 34
194 759 36
776 384 21
209 238 0
684 539 40
835 775 0
781 926 0
362 428 28
264 579 8
853 944 34
769 711 27
105 257 36
142 34 22
565 595 10
265 632 49
107 467 26
558 601 2
160 963 32
38 227 14
796 433 8
430 554 19
407 659 27
495 801 13
967 718 10
29 335 42
631 443 12
7 353 13
662 513 28
96 551 6
110 699 41
69 481 45
90 889 4
369 736 8
682 704 26
295 733 14
187 364 7
251 724 10
564 738 23
193 834 26
401 945 25
394 366 6
589 456 47
795 826 34
803 860 40
882 155 23
648 695 40
505 946 16
67 863 4
790 408 40
768 161 35
93 555 1
251 144 10
651 291 38
435 447 48
275 681 6
200 329 1
842 834 49
560 901 14
664 43 22
955 811 33
542 256 40
496 859 36
258 510 28
846 297 25
294 924 6
250 125 35
253 319 21
555 880 24
719 896 17
644 203 30
729 746 36
370 594 45
858 852 8
286 698 5
513 344 30
421 947 7
658 200 28
729 107 8
53 179 7
772 175 10
302 904 8
440 626 2
86 485 6
946 123 4
751 637 1
833 410 48
392 69 0
271 150 8
381 556 37
388 328 12
951 983 18
259 423 45
514 861 32
972 807 7
129 911 44
630 744 7
78 137 26
78 760 28
186 141 34
825 882 15
639 833 48
358 444 23
55 310 35
589 283 44
246 412 5
893 42 0
950 120 39
428 550 49
56 737 42
241 914 24
458 554 9
658 264 4
281 319 16
118 260 49
763 506 13
318 399 5
970 701 27
111 129 28
12 186 17
55 779 33
979 589 37
89 247 3
995 880 24
211 999 34
711 114 43
326 784 42
632 107 46
761 218 25
441 231 13
210 286 44
894 617 35
483 58 32
337 53 15
213 617 14
998 680 30
641 6 14
35 638 23
131 752 42
709 545 25
824 756 13
71 2 30
906 485 41
989 174 44
656 388 11
970 738 41
102 379 48
18 766 38
42 250 42
284 959 38
461 135 46
924 206 48
356 113 35
847 454 12
744 110 2
257 432 40
451 886 21
299 904 39
489 946 39
784 582 0
272 43 36
868 319 42
818 676 7
253 875 13
215 619 25
269 877 9
709 680 45
232 331 0
522 820 46
413 956 29
264 228 24
250 448 44
794 618 22
804 872 47
267 439 19
193 709 48
254 770 28
850 355 9
350 229 31
148 642 38
177 906 18
954 508 19
698 303 37
470 107 11
469 726 3
440 271 14
288 526 36
816 376 41
27 78 22
59 226 15
399 404 23
967 358 32
688 408 37
676 230 44
239 51 22
242 492 44
306 780 22
493 949 48
386 328 26
509 387 2
626 138 8
649 458 18
181 146 28
720 174 8
14 414 12
739 656 4
735 315 34
257 160 35
507 546 14
483 55 3
37 33 42
348 683 0
368 216 46
149 937 21
159 303 37
221 42 43
775 777 10
462 386 20
97 893 17
61 728 24
117 766 8
959 466 43
259 186 9
57 335 46
30 495 2
417 716 46
813 492 24
523 306 10
394 403 6
163 817 34
339 934 2
549 893 18
442 504 5
904 913 42
302 944 37
4 361 6
101 526 48
327 50 4
939 796 9
445 311 26
680 2 12
32 552 7
203 346 11
560 250 27
252 553 21
440 557 34
48 10 11
148 337 13
554 277 11
363 74 24
342 754 26
254 139 28
764 342 25
777 902 27
704 154 30
575 946 40
160 994 0
623 142 40
488 696 19
149 412 43
825 754 48
151 360 37
382 124 29
959 902 33
786 606 37
167 534 36
809 46 30
109 669 25
451 157 23
70 658 35
764 483 39
564 986 2
503 368 26
432 327 30
967 466 37
304 633 21
292 794 17
275 255 38
400 707 47
573 777 7
159 893 42
850 457 28
902 960 47
431 744 26
861 711 42
898 368 27
821 660 21
790 287 29
780 687 36
279 613 13
436 124 9
428 974 16
759 229 27
458 660 21
484 873 35
329 124 3
158 945 15
782 88 3
661 868 42
247 500 5
962 936 31
571 717 8
638 476 37
17 934 49
140 770 22
327 451 46
882 610 44
98 392 32
953 53 2
847 652 4
355 614 41
986 538 10
944 528 38
483 545 22
34 37 44
107 365 46
655 247 6
149 697 0
83 2 3
238 850 5
892 205 21
835 191 11
495 488 39
983 323 36
757 358 26
302 465 41
650 120 40
608 622 38
958 57 40
361 295 40
768 540 47
141 375 41
53 223 29
844 558 2
533 316 10
259 970 27
350 972 0
40 580 24
780 538 31
171 899 29
763 19 19
561 512 46
254 917 19
83 762 28
587 295 46
450 554 16
129 256 38
929 296 18
55 429 8
887 600 7
718 715 28
737 628 40
835 882 8
805 317 22
685 257 19
881 707 23
399 836 29
889 118 27
607 173 6
215 412 8
74 130 26
304 219 6
46 55 39
706 212 8
128 897 15
197 130 22
172 529 11
403 418 31
283 377 6
591 944 19
852 370 1
828 26 23
784 72 30
975 779 44
484 259 41
249 809 23
74 981 2
735 737 22
866 20 1
874 611 45
943 815 17
847 643 43
322 780 17
204 107 46
298 591 8
289 193 17
762 267 0
116 354 37
240 572 9
741 446 23
538 742 38
705 589 32
250 263 14
867 467 21
616 765 15
624 406 8
441 520 25
591 988 29
831 228 1
90 969 47
313 859 41
352 916 32
386 166 45
200 385 14
473 1 29
338 977 37
396 418 7
73 362 45
104 193 25
707 635 46
405 949 5
548 653 23
281 39 39
276 591 27
91 64 30
22 755 8
360 151 26
569 577 40
415 681 33
192 389 19
939 146 20
896 694 23
770 975 14
161 604 5
938 695 21
69 69 26
177 429 30
55 999 7
296 766 38
81 958 29
502 249 25
224 146 22
247 916 47
661 77 1
18 16 48
440 437 18
616 966 49
296 21 48
905 669 16
196 751 27
875 605 26
53 830 22
925 429 38
772 443 18
576 461 36
426 901 23
994 870 39
696 518 12
396 424 32
863 620 35
640 847 42
18 900 22
543 825 4
983 950 47
501 878 8
387 304 12
62 651 32
351 347 2
366 743 26
50 958 48
837 950 48
229 969 48
804 512 26
808 847 28
255 349 8
163 736 14
677 151 15
709 854 14
612 220 10
290 270 18
941 107 21
439 689 40
189 493 4
117 653 1
347 908 2
455 423 41
572 101 42
339 162 46
454 126 19
16 769 39
184 710 49
655 501 40
447 42 33
103 512 38
607 211 46
811 19 21
752 591 24
196 930 37
143 736 15
662 752 34
803 289 46
404 296 47
694 96 42
829 199 6
617 158 17
665 322 36
137 74 27
61 271 8
500 766 46
66 780 49
400 935 38
797 340 34
46 386 30
690 216 32
846 185 42
214 851 14
952 340 41
930 753 14
190 254 30
186 672 12
287 72 47
325 221 39
660 620 26
442 310 42
424 509 29
269 75 30
83 27 20
324 309 24
188 499 30
170 38 2
932 325 26
982 651 48
371 663 20
147 457 32
491 234 41
21 503 16
753 938 46
826 263 5
652 803 7
732 326 45
836 258 20
12 592 23
762 964 38
132 463 48
165 307 32
58 328 37
27 433 25
23 259 40
328 911 46
485 995 22
32 831 32
905 196 25
428 958 39
319 443 4
667 960 11
601 370 41
38 397 25
413 420 36
756 101 48
902 938 45
374 323 29
456 228 25
131 8 35
122 679 30
577 346 40
690 947 13
132 337 10
7 751 33
493 507 36
243 409 26
989 135 49
918 591 27
395 723 38
830 197 17
413 774 16
955 465 15
868 949 3
179 956 6
614 801 15
150 397 26
976 738 11
126 8 2
855 403 27
593 585 25
11 998 1
127 306 18
542 174 17
647 353 23
503 967 27
218 469 26
694 446 14
305 924 22
860 779 27
137 725 14
964 736 15
566 215 21
984 109 45
352 757 1
27 260 20
856 831 40
82 525 38
46 183 12
370 43 41
449 532 16
466 497 4
481 63 21
154 399 31
1 751 40
202 131 2
75 987 33
65 70 11
205 468 46
917 191 39
760 992 23
329 458 20
633 291 35
857 797 37
190 799 38
280 353 21
334 428 9
220 845 31
983 50 1
929 319 42
270 80 37
143 409 47
866 394 39
3 603 38
540 793 37
181 425 41
952 112 21
63 332 17
244 315 19
246 244 39
790 514 21
327 9 30
675 875 26
666 231 30
454 771 25
42 304 3
335 257 15
56 672 47
975 917 14
945 163 8
586 953 24
307 281 33
789 308 11
17 974 42
849 428 15
475 822 22
230 157 31
745 566 3
592 541 20
458 838 35
216 424 39
192 83 22
177 872 32
38 242 6
482 91 36
50 918 9
922 148 18
755 245 34
908 189 28
979 647 16
564 215 43
455 407 26
979 585 1
811 975 45
969 810 36
556 212 7
317 486 7
235 241 3
72 149 42
450 480 40
18 397 5
11 204 15
440 184 0
93 347 27
988 317 37
974 873 1
583 190 37
341 777 28
696 201 30
888 3 10
80 22 9
136 385 14
303 177 0
55 270 47
782 258 14
672 585 37
773 168 29
361 861 9
189 557 10
519 446 16
682 878 38
241 366 25
357 669 3
657 724 25
305 507 34
269 531 19
459 304 39
190 665 1
51 207 8
762 78 6
828 760 35
268 354 1
445 711 21
800 369 45
426 26 4
662 295 35
131 106 40
120 649 7
323 700 16
732 814 45
290 642 7
375 262 13
179 60 27
300 860 46
497 638 24
554 300 21
789 431 28
681 904 29
591 227 29
707 311 44
254 602 38
914 329 3
279 508 13
356 160 25
154 10 14
978 564 14
450 353 48
380 387 4
959 978 33
238 37 45
684 644 49
773 558 28
828 837 39
591 546 49
918 700 9
532 679 23
799 129 29
497 509 16
803 820 46
336 58 33
533 95 27
332 220 37
813 48 27
802 991 23
303 909 25
463 442 4
538 593 35
319 442 46
487 245 16
633 581 27
169 115 22
348 799 42
438 612 40
365 414 31
190 70 42
715 533 36
272 423 29
957 95 21
504 582 18
222 568 2
999 89 19
871 789 18
315 227 33
455 944 49
938 134 19
683 202 4
869 474 28
649 783 23
222 639 7
393 862 25
145 213 16
364 437 6
734 752 33
717 560 30
467 850 16
286 533 18
991 403 44
471 404 28
46 978 17
555 371 29
633 868 43
799 584 32
755 319 34
291 388 44
771 207 47
89 494 30
258 837 35
604 660 39
382 58 20
800 613 41
431 246 12
276 46 46
558 153 17
945 444 6
891 567 13
688 9 9
19 619 48
456 223 8
298 606 16
118 758 32
661 541 28
73 818 26
70 728 30
737 673 26
145 565 46
409 253 5
870 624 24
169 433 47
127 731 5
496 849 13
478 510 7
58 936 25
685 358 3
465 447 29
41 593 44
537 354 49
394 224 26
518 745 9
218 225 42
523 721 41
939 551 3
896 609 41
23 294 49
878 111 47
759 153 40
853 42 46
905 789 22
933 307 18
394 877 43
586 753 16
979 692 17
882 940 28
74 315 23
975 545 34
972 305 39
914 510 34
210 415 23
435 700 32
53 94 10
896 32 13
812 11 7
631 894 49
59 320 16
134 295 11
321 620 16
12 886 27
746 449 44
621 884 45
156 937 41
216 185 24
381 349 37
590 980 31
91 391 3
907 526 1
268 847 23
287 211 9
464 310 8
760 931 44
757 87 33
849 655 18
325 388 17
812 978 49
546 69 41
951 328 19
4 597 18
677 884 29
589 700 39
949 460 23
194 218 12
727 419 20
446 96 8
865 260 39
617 806 10
408 110 39
429 114 38
297 792 24
728 381 24
118 330 36
143 876 6
255 604 27
727 402 25
236 619 36
427 236 44
687 644 4
276 73 19
166 722 13
940 451 46
766 921 28
405 64 5
261 671 11
241 399 13
316 987 32
4 414 21
499 101 15
455 730 41
526 896 15
389 837 16
337 603 39
616 8 5
123 622 27
586 215 28
451 883 15
583 888 29
656 739 32
22 194 12
165 721 9
382 462 46
51 800 1
640 768 12
646 243 36
675 829 3
103 280 36
518 215 26
699 872 15
981 246 10
994 763 31
255 145 43
353 196 45
54 189 13
468 835 8
856 510 37
459 965 17
946 483 33
672 534 7
138 515 3
150 509 16
883 764 11
78 469 10
74 524 49
189 344 34
548 201 46
735 660 11
555 958 46
590 631 30
497 121 47
650 623 9
918 506 25
331 584 45
941 10 19
740 200 15
726 100 16
574 835 27
387 742 37
683 332 18
865 829 41
563 831 14
122 749 20
149 81 7
294 22 17
315 115 17
681 193 17
247 768 5
826 155 47
364 191 32
884 56 11
878 971 45
142 445 44
265 595 27
972 889 2
689 205 17
959 886 10
328 485 30
885 664 36
185 380 27
817 264 35
630 142 9
275 637 4
22 902 1
849 226 41
51 267 48
720 226 36
583 907 21
213 792 37
351 329 17
680 146 32
66 777 26
127 404 13
281 426 17
735 628 43
78 31 11
626 104 39
412 687 46
35 252 41
675 604 20
342 284 17
274 702 46
53 829 0
116 463 29
786 198 7
329 276 38
140 254 42
530 18 31
178 405 34
619 80 40
742 423 26
659 49 31
57 102 10
859 571 25
88 357 23
945 38 1
186 531 5
530 413 23
562 591 29
198 563 9
790 305 32
666 316 34
597 373 36
710 584 9
285 673 18
411 970 7
812 508 38
468 39 1
493 953 44
924 151 9
84 293 14
18 959 32
2 909 7
441 619 42
802 256 15
521 667 37
630 832 46
918 652 35
971 145 40
967 70 41
527 506 36
743 876 45
276 879 6
885 672 27
727 474 36
594 347 3
432 977 37
130 247 39
515 570 37
205 538 9
398 417 15
884 512 41
681 140 22
740 26 46
417 105 21
55 700 18
9 484 48
498 614 45
288 481 16
927 38 6
636 788 25
203 24 37
646 57 28
969 797 4
667 567 11
488 622 11
9 983 47
507 482 13
604 122 44
920 401 34
478 37 22
453 592 46
941 238 4
921 559 1
927 227 20
38 67 43
202 428 28
849 935 10
815 892 34
909 164 35
746 643 24
18 448 16
315 741 7
21 662 18
524 941 45
595 980 15
640 182 43
668 383 31
531 198 23
867 460 39
253 206 32
27 224 31
746 891 24
703 264 37
923 789 28
371 736 10
886 376 42
181 396 28
764 279 26
239 147 36
879 752 44
161 131 19
244 877 12
69 932 27
908 856 18
688 227 4
449 465 32
743 646 30
773 411 10
650 650 9
338 529 11
233 43 44
704 639 24
418 60 6
397 968 14
165 9 43
669 458 10
901 553 9
234 327 22
846 329 24
605 19 4
468 604 49
462 660 40
686 79 1
195 476 19
911 642 30
207 663 40
967 917 44
78 151 23
600 997 2
125 602 23
531 422 28
980 236 38
420 923 17
921 470 46
743 733 40
925 940 3
566 260 20
112 338 23
985 939 20
539 416 24
112 947 46
290 927 35
481 699 10
750 973 30
496 68 15
236 993 6
992 911 18
664 23 8
488 8 49
308 899 15
435 364 12
983 654 41
768 487 43
828 238 16
710 734 36
326 323 31
234 315 43
402 979 16
260 467 27
762 128 26
327 563 40
840 898 47
631 667 34
474 495 24
642 558 9
230 884 34
812 118 49
657 872 30
173 484 0
402 246 30
531 574 45
23 766 43
522 397 10
157 224 8
381 218 16
692 449 2
326 613 22
627 270 44
260 795 28
360 550 27
940 81 3
787 104 19
180 627 18
593 136 44
853 869 13
671 914 14
373 592 29
545 220 1
941 480 48
821 192 48
948 484 29
1 271 36
172 803 15
741 396 3
885 249 24
600 272 38
764 645 31
893 542 3
996 483 35
895 657 27
343 605 11
225 959 34
563 131 37
528 224 36
333 110 37
7 710 10
596 827 7
129 72 2
234 69 37
819 964 44
948 307 2
561 532 11
445 95 44
484 975 19
920 308 29
958 668 41
620 264 18
927 745 41
129 979 12
167 150 26
861 98 33
865 659 18
476 104 15
923 940 43
242 861 3
23 819 21
866 439 37
185 718 32
928 848 13
740 367 13
868 580 13
303 446 22
271 274 28
39 197 19
782 439 32
537 814 1
609 681 42
296 218 12
81 498 12
844 590 29
110 458 12
825 113 10
848 385 34
678 776 32
449 910 23
81 447 40
884 56 23
478 353 41
791 786 41
303 982 31
535 444 41
347 270 4
957 470 41
193 148 19
275 598 29
501 679 27
893 916 35
966 394 40
257 185 26
750 489 9
833 376 3
726 723 23
732 32 43
124 225 44
643 853 44
425 706 25
654 599 41
939 565 36
930 174 21
58 924 12
169 109 38
373 835 13
198 567 45
494 43 23
290 687 28
684 464 34
109 118 35
451 57 2
187 339 26
460 398 2
223 919 11
361 292 48
575 843 15
172 689 9
347 979 48
375 15 12
461 124 32
146 927 39
748 466 31
876 927 31
280 150 0
793 863 45
141 790 40
409 315 29
368 662 10
718 390 25
180 851 1
112 998 31
453 98 47
486 327 24
917 607 26
620 401 42
615 894 32
805 303 49
36 23 12
598 741 2
175 273 5
228 737 3
209 191 4
657 677 31
383 947 40
260 567 43
352 534 40
586 691 43
136 727 17
700 325 10
654 852 34
459 80 21
615 290 14
221 299 44
154 682 41
694 942 10
340 646 44
880 585 35
75 73 14
942 773 41
255 427 43
489 238 23
460 853 15
327 426 14
871 580 47
362 275 41
772 967 40
68 847 25
703 922 48
769 217 23
160 472 2
755 313 40
78 125 46
396 452 22
660 323 3
607 37 30
201 161 47
441 229 46
266 284 20
516 53 39
539 565 13
341 320 26
381 751 4
979 147 6
652 807 32
257 767 19
489 968 31
336 409 10
734 27 47
54 543 0
944 82 18
657 423 38
36 156 41
540 136 38
496 140 48
128 397 15
150 238 33
981 926 44
393 660 21
90 66 14
193 10 48
861 20 21
201 408 29
293 948 15
531 796 7
929 277 6
446 427 44
931 760 20
825 153 30
98 244 49
914 789 11
812 650 31
485 203 39
315 496 39
632 380 36
442 661 13
648 108 42
93 391 2
815 217 5
198 667 1
647 934 40
458 746 42
642 584 46
233 251 44
773 235 24
109 677 36
74 326 46
466 771 39
618 586 8
923 136 26
177 783 10
867 594 8
912 236 42
808 469 45
552 242 31
29 703 8
167 777 36
765 595 7
754 213 46
313 489 32
539 666 18
51 885 12
309 149 0
504 957 19
949 862 14
630 891 19
341 410 49
377 175 44
537 929 10
635 242 49
869 133 17
887 184 4
851 846 4
51 350 13
73 651 25
337 634 18
656 975 28
105 704 3
502 241 35
112 876 27
211 98 13
680 985 47
386 189 45
890 240 45
56 313 47
83 2 31
2 659 8
682 116 12
538 618 4
323 730 32
702 293 32
215 325 18
265 64 7
160 306 49
406 362 15
655 446 17
538 800 26
396 482 45
310 20 15
466 343 48
851 46 43
333 261 21
801 878 35
810 39 41
412 797 4
327 452 0
244 342 0
173 90 34
570 400 5
585 867 0
683 718 46
779 51 10
200 205 38
685 367 29
476 779 26
982 458 28
934 703 22
686 228 12
921 798 13
176 735 30
478 771 48
475 550 1
437 750 6
277 787 26
157 615 5
833 598 16
314 532 19
136 219 49
49 492 49
362 20 34
894 498 5
144 325 7
445 762 7
304 392 46
530 549 12
887 734 10
703 48 44
574 537 15
673 938 7
922 652 27
259 546 26
14 42 1
24 487 16
783 143 8
330 673 9
492 913 43
604 616 44
248 191 31
816 216 19
523 491 23
603 750 19
181 116 13
84 140 0
750 924 46
160 254 21
119 98 34
165 702 1
259 302 44
242 118 10
163 994 3
736 597 3
207 778 20
720 862 12
72 965 36
568 125 42
442 597 40
876 762 44
279 373 47
225 967 17
388 130 11
41 218 10
445 425 40
317 497 3
329 569 20
266 490 47
808 932 46
801 160 10
495 440 33
844 17 0
312 405 32
125 447 0
536 244 27
76 561 24
831 890 44
903 508 36
101 669 18
599 470 28
860 965 20
845 810 38
446 122 45
880 599 42
181 487 38
610 916 49
185 747 42
681 3 2
667 456 21
937 55 41
15 915 7
238 761 17
478 559 41
123 439 42
568 972 30
256 935 46
858 120 45
702 801 48
54 820 4
76 757 12
567 772 27
376 362 40
995 840 1
88 316 43
781 884 15
961 492 0
57 702 22
604 404 25
803 459 45
809 887 2
871 454 27
201 183 41
643 178 32
645 267 0
438 48 34
555 361 28
608 770 31
780 374 37
106 529 46
603 339 35
858 562 40
885 115 25
626 759 3
560 404 22
810 842 20
296 397 33
627 5 3
308 138 28
745 596 9
994 199 48
129 57 13
71 294 28
196 273 39
852 833 43
774 996 37
97 644 37
780 271 44
234 579 32
414 677 28
123 23 30
524 504 39
487 576 34
917 124 7
107 976 42
52 103 40
840 200 35
377 980 6
271 566 38
656 980 17
636 456 40
168 980 44
758 819 22
994 88 47
503 195 25
197 600 28
888 792 30
223 169 13
181 792 29
719 800 10
286 789 16
228 957 48
323 715 17
697 61 5
196 564 3
672 762 5
602 650 47
85 225 18
548 406 12
577 478 13
939 116 2
757 345 11
555 20 27
524 717 40
582 914 5
187 938 17
392 892 19
741 977 46
259 525 2
273 455 32
736 394 49
340 504 44
902 59 14
531 936 33
221 870 47
828 57 37
197 801 30
568 894 7
164 153 35
519 426 40
351 515 36
652 207 40
946 461 2
612 344 38
996 918 10
645 746 19
233 296 20
65 864 16
522 29 19
209 548 47
351 251 14
888 904 22
928 202 35
732 815 30
472 163 48
82 160 46
101 745 42
273 810 7
339 685 36
910 894 36
260 246 39
124 486 43
548 766 48
434 499 13
16 971 28
164 406 38
410 507 34
305 133 44
712 472 31
500 735 26
188 995 24
127 471 10
323 20 26
73 806 25
286 822 49
366 338 5
606 100 14
592 405 47
389 469 22
870 321 7
246 509 4
220 989 25
32 664 47
259 737 5
984 375 29
33 93 17
840 699 20
155 292 25
602 33 47
226 903 18
233 502 30
939 74 19
117 107 35
314 366 22
22 702 49
551 88 42
771 928 41
91 435 35
168 38 18
715 264 22
936 850 26
666 141 0
737 258 7
472 925 25
944 947 28
143 850 16
435 621 46
778 712 32
414 881 22
434 948 38
358 884 40
784 902 32
285 639 42
244 111 17
570 407 16
598 902 17
66 689 40
814 468 3
646 234 36
220 668 36
59 27 23
451 163 25
633 448 15
426 693 26
495 263 34
864 213 38
731 279 28
571 445 46
476 444 30
614 664 0
53 75 29
376 527 43
953 512 43
818 290 36
147 786 1
883 650 14
521 733 45
849 656 43
645 485 37
27 451 1
430 504 29
211 232 8
804 186 20
550 4 11
636 503 49
690 386 1
956 908 36
854 109 44
197 107 29
984 486 33
787 916 39
18 128 22
776 284 8
47 834 14
960 823 20
11 865 6
64 821 16
202 27 26
996 576 35
628 912 21
711 700 40
2 70 20
174 847 4
884 246 41
951 206 16
521 569 31
829 633 4
46 835 32
724 183 8
509 811 21
132 874 23
672 877 43
692 403 42
997 288 38
840 591 44
506 112 15
389 941 48
93 339 35
177 415 19
486 276 32
59 409 7
684 81 36
27 126 39
922 475 27
710 315 18
57 173 32
972 562 26
873 7 17
608 185 33
879 23 11
314 82 20
271 766 4
809 145 30
398 67 5
628 778 22
448 187 45
381 159 9
959 384 16
876 345 1
209 224 24
171 538 6
893 161 24
49 970 22
979 721 41
736 349 21
808 797 8
405 530 18
564 489 2
731 366 47
82 927 24
809 450 14
617 696 28
192 745 0
616 725 21
107 813 22
729 974 20
537 379 2
857 296 42
562 27 8
259 461 37
885 270 38
402 240 34
80 432 29
80 400 6
154 507 22
576 236 46
148 774 27
251 631 23
195 193 0
505 805 14
742 42 36
782 444 26
518 524 10
0 957 10
206 111 18
930 39 6
276 188 30
354 791 14
727 338 9
480 843 16
46 585 9
882 720 3
311 238 30
171 238 39
784 797 0
904 727 41
260 4 31
391 710 24
857 789 12
516 269 5
685 315 43
544 550 13
199 861 3
731 32 42
220 168 41
172 72 18
516 333 24
47 76 36
722 933 26
734 801 45
942 486 13
87 382 13
600 934 24
55 17 8
749 238 27
240 762 1
459 278 34
385 678 10
22 400 45
448 486 47
495 780 35
858 867 20
123 819 6
897 875 23
408 624 13
87 865 26
838 676 6
923 413 34
435 435 36
881 235 25
480 731 5
917 941 23
737 65 44
195 962 19
319 722 46
32 809 13
860 648 39
967 923 2
103 358 40
640 239 25
367 719 6
522 637 48
897 726 15
444 922 27
513 593 2
911 625 11
174 838 11
113 157 34
818 612 43
310 604 34
685 971 6
144 846 43
544 743 21
9 539 45
788 53 38
290 964 16
954 491 4
265 604 13
500 774 25
445 84 30
629 122 1
885 266 47
130 162 43
454 171 32
699 311 37
538 602 4
706 908 45
712 173 1
875 25 28
2 470 14
382 100 36
86 337 4
635 468 16
280 922 39
465 973 1
54 863 5
608 569 13
5 281 38
359 508 14
839 863 34
403 245 36
90 683 24
746 671 44
213 951 18
554 768 43
855 823 7
462 783 28
977 141 12
666 500 20
380 339 33
916 94 31
905 184 16
879 931 37
25 496 41
445 50 9
838 258 32
95 72 16
274 50 7
86 68 9
758 800 0
294 716 44
427 973 31
243 852 14
731 229 12
522 674 12
81 513 22
816 608 45
334 234 47
993 672 15
152 431 15
354 77 33
298 504 7
131 747 11
895 830 41
859 704 17
522 138 30
146 954 41
843 640 27
590 633 0
405 137 33
372 491 10
408 141 16
417 625 15
630 872 46
73 732 0
191 606 40
173 752 46
764 596 36
294 186 19
144 944 6
129 668 49
839 428 43
405 845 18
70 828 42
918 901 24
471 92 30
161 618 33
158 734 31
794 28 17
416 172 13
174 653 34
776 492 12
871 249 10
591 672 38
183 942 39
508 413 34
438 927 4
473 437 38
104 583 17
274 351 41
739 526 45
873 654 39
436 525 41
196 116 13
136 299 7
977 807 23
911 598 0
815 71 39
806 528 22
473 154 26
16 893 2
861 767 6
903 203 31
194 751 47
509 239 48
766 216 6
789 480 6
91 647 29
182 453 7
857 278 11
883 295 5
787 508 24
993 411 29
76 605 30
275 466 21
773 233 37
431 374 19
687 818 17
367 352 22
574 209 1
288 92 48
895 879 6
269 224 18
198 652 25
230 927 42
501 701 27
340 484 3
660 172 23
979 539 26
751 465 35
154 105 30
852 0 11
59 269 38
29 467 40
956 49 18
350 550 21
977 891 5
683 903 29
206 882 20
82 633 38
520 788 43
402 992 46
163 51 17
501 432 35
844 389 36
762 739 37
85 69 30
892 752 33
872 310 15
94 745 0
782 617 40
928 19 33
74 534 36
841 388 19
428 232 10
65 346 1
604 431 20
34 675 24
719 547 35
934 994 32
486 776 49
827 704 18
512 130 4
600 972 42
769 752 26
31 817 22
33 421 5
455 807 31
630 526 30
467 812 24
49 299 1
600 478 7
818 342 38
274 942 12
767 64 14
843 95 34
266 480 7
823 936 15
704 918 43
485 385 6
611 786 7
514 386 37
122 556 29
212 830 21
274 949 37
440 793 35
424 411 15
182 586 3
99 291 21
542 128 8
798 739 46
57 254 34
794 728 42
873 940 23
247 566 24
36 6 17
921 431 30
639 965 17
292 64 10
216 606 40
876 757 29
675 166 35
859 961 15
952 186 5
227 785 23
451 822 30
821 743 13
953 734 28
672 379 42
34 595 0
524 823 9
106 498 26
941 710 37
857 14 25
64 241 11
838 44 33
618 865 28
533 171 13
61 843 44
5 878 39
907 402 14
567 860 15
745 802 27
884 11 41
209 75 34
672 265 28
605 235 46
986 768 17
101 829 12
595 186 42
36 94 47
652 13 7
767 758 9
944 642 22
135 203 48
271 876 15
100 833 1
146 819 19
715 272 1
479 867 37
122 255 33
519 908 46
776 675 4
188 972 48
610 459 4
460 731 30
576 831 13
927 329 35
398 396 7
699 875 27
187 997 32
120 868 40
67 997 18
123 185 40
174 147 49
428 960 32
910 888 15
225 815 46
360 565 42
120 265 20
747 452 17
981 924 38
124 343 35
942 819 20
84 993 19
685 773 29
18 683 17
533 908 34
730 621 0
322 741 15
494 840 19
664 173 43
702 297 39
737 591 8
309 675 1
380 361 26
60 379 9
979 264 19
714 994 40
366 669 33
283 163 25
652 827 49
297 881 48
286 618 40
94 279 15
247 660 28
173 720 7
782 51 22
4 765 18
494 483 37
430 766 3
205 770 32
506 68 14
105 706 34
295 801 14
512 400 24
91 574 46
400 708 47
974 712 15
543 559 48
132 341 17
237 898 37
170 405 7
984 510 14
768 157 17
184 669 17
908 112 43
56 513 2
256 487 16
221 30 27
21 515 20
588 752 19
278 922 24
35 258 36
499 27 43
116 211 14
486 472 27
429 528 40
433 136 27
502 357 10
481 731 25
802 671 27
21 949 0
997 985 10
483 836 37
126 305 1
790 791 25
919 220 5
209 6 42
339 508 1
499 989 32
174 791 6
953 164 5
655 161 42
616 644 31
955 122 36
506 265 27
233 184 49
489 746 7
881 85 15
982 584 7
167 110 48
23 415 15
180 71 26
675 39 23
6 994 45
642 853 12
421 86 49
772 927 45
130 808 30
347 143 16
554 310 28
905 685 43
420 865 16
448 892 7
121 898 4
269 892 7
681 665 45
630 438 23
325 920 31
457 619 26
173 174 38
703 431 23
649 203 41
17 651 33
425 773 32
179 42 26
138 723 42
183 706 32
508 31 4
642 841 23
918 14 49
857 70 32
480 719 35
673 88 37
407 865 10
391 44 4
267 534 27
161 718 35
845 226 17
449 220 8
25 139 24
774 996 46
659 828 17
394 854 6
781 261 21
293 4 18
847 623 2
477 785 22
812 630 1
179 432 21
739 457 10
666 583 8
662 242 39
730 637 43
886 770 6
259 64 12
677 911 35
630 388 22
4 201 5
605 732 37
427 824 44
739 490 29
48 152 24
889 882 11
584 120 33
540 380 47
852 409 11
139 391 49
212 396 2
267 1 35
754 780 11
50 520 1
281 920 3
755 809 38
218 393 10
452 285 42
749 489 4
662 628 45
612 840 41
466 107 45
53 213 25
464 615 47
365 897 19
771 652 28
411 871 23
171 323 10
16 424 49
270 87 30
915 51 20
309 517 30
56 923 45
583 387 11
631 753 8
950 876 10
431 287 33
656 810 8
519 826 33
870 448 22
850 716 23
23 25 42
655 81 15
500 664 5
313 647 10
23 950 36
386 733 25
619 389 35
528 908 14
213 131 14
985 981 30
160 4 5
204 11 38
820 512 5
527 177 2
987 201 2
323 587 35
298 206 27
435 86 37
751 299 18
516 636 2
996 796 8
854 1 20
792 173 34
99 700 11
702 39 12
606 362 49
244 12 8
623 447 44
262 199 44
33 67 30
785 63 29
893 269 32
13 414 7
997 513 9
511 567 48
873 174 10
175 770 24
683 745 21
629 7 22
875 40 39
406 177 5
437 71 24
469 436 38
378 786 4
987 297 21
635 522 47
997 697 17
371 732 14
544 362 24
269 589 14
708 995 42
915 784 15
392 605 1
282 983 37
686 970 36
658 957 9
155 954 8
775 677 43
139 222 5
215 491 46
980 551 42
274 819 28
639 211 34
792 845 17
380 532 40
968 190 47
727 697 4
536 472 33
429 964 7
36 179 48
232 511 2
776 137 23
105 776 36
391 921 31
308 653 13
548 621 5
746 349 5
602 237 29
135 18 43
243 406 25
193 990 38
47 767 26
720 224 4
956 615 27
390 275 30
355 824 2
511 922 1
716 876 40
745 11 8
91 606 16
968 800 6
708 199 25
586 920 49
593 228 16
520 970 44
101 326 18
303 189 42
206 257 20
698 354 31
208 445 40
124 765 40
30 826 39
56 412 11
657 5 42
226 878 12
70 979 40
90 634 29
32 840 36
202 538 41
735 98 38
875 222 6
167 252 32
659 660 46
70 670 2
414 896 30
729 966 11
369 56 45
199 440 37
637 994 27
78 729 25
669 957 47
25 124 1
207 783 12
505 206 32
809 972 30
991 701 46
152 71 4
947 622 44
934 259 38
811 338 19
138 359 26
335 384 3
137 943 36
951 448 44
435 258 17
815 249 18
161 754 41
915 53 13
461 988 23
649 151 13
918 290 22
497 977 8
200 114 1
38 417 1
83 852 11
452 667 11
170 180 17
664 447 20
427 908 10
802 909 12
867 180 4
939 677 33
99 229 0
850 267 17
754 702 22
915 154 41
678 677 22
195 341 21
766 120 32
676 923 43
90 790 23
146 82 2
180 181 31
680 384 1
597 138 3
71 53 10
213 732 37
887 927 28
360 693 48
742 722 23
386 812 14
561 959 48
414 139 29
847 171 13
548 120 1
304 192 7
214 405 39
801 292 18
81 652 14
481 747 36
805 485 0
271 46 9
819 460 0
548 660 21
14 208 42
617 512 36
274 78 41
15 879 35
36 312 39
750 794 38
538 599 23
138 222 20
50 41 32
452 941 42
26 307 1
720 925 15
606 199 44
897 567 25
184 603 38
475 353 32
514 243 33
37 733 5
607 135 48
990 588 41
32 614 49
635 686 24
103 292 25
297 541 42
74 725 47
812 200 2
344 714 45
179 104 31
236 711 16
334 53 4
726 438 20
777 425 6
401 528 0
928 177 41
23 252 18
720 64 19
123 761 35
120 940 41
851 177 5
718 863 8
524 941 48
297 718 24
755 471 2
506 400 30
149 423 32
518 495 48
439 970 9
426 91 2
518 294 31
673 364 44
233 889 36
232 538 6
8 293 28
312 151 30
442 301 5
176 819 0
327 610 21
886 36 14
738 554 10
119 579 25
716 165 16
254 397 4
510 757 49
590 69 1
70 864 2
325 392 23
428 719 33
501 606 21
17 696 28
827 168 7
354 884 22
770 490 21
76 0 28
28 591 0
779 13 14
183 691 8
758 119 28
943 620 36
164 989 32
292 816 2
0 171 38
224 293 28
198 722 29
576 750 22
728 881 37
744 64 28
153 174 49
281 117 21
367 281 10
501 574 27
156 926 0
694 502 45
723 700 19
752 629 19
76 357 2
413 102 16
794 255 42
293 888 9
765 607 41
577 460 17
854 616 43
6 311 45
804 34 48
323 138 27
593 566 34
447 331 38
14 125 45
458 771 33
668 888 42
159 465 3
576 672 21
271 30 32
468 834 18
366 158 8
893 103 24
130 550 6
468 916 33
414 375 4
599 43 42
392 554 10
997 482 32
218 105 12
103 573 47
21 292 7
430 537 10
756 667 12
62 136 29
846 902 6
752 853 49
547 245 5
807 594 37
91 165 42
53 268 17
202 641 9
509 423 47
271 180 16
936 594 4
165 440 6
473 545 10
824 92 7
729 251 4
468 342 19
960 395 37
729 950 28
791 811 4
390 435 34
656 371 28
411 888 21
419 361 16
281 185 10
389 266 11
443 734 3
14 46 0
501 775 0
981 918 12
885 308 49
969 317 20
0 728 10
471 499 21
839 781 8
299 522 24
10 317 8
63 331 4
863 184 31
966 165 0
880 403 8
229 724 25
949 724 5
261 547 7
582 386 38
792 685 12
916 695 31
126 110 14
30 974 48
61 292 15
11 172 18
622 401 45
549 702 19
205 963 17
64 897 3
704 689 41
866 605 38
49 731 49
563 113 25
613 526 17
828 890 39
799 512 42
846 413 44
265 970 9
584 34 6
938 738 45
681 956 2
119 5 35
668 568 0
895 533 26
414 714 18
753 865 30
197 711 46
991 976 16
100 561 1
458 851 41
505 884 48
509 3 3
244 24 24
796 919 7
875 334 23
843 439 38
676 637 49
922 980 28
490 433 41
741 891 42
435 397 26
733 906 31
388 503 5
612 299 27
722 526 13
545 370 2
234 46 41
985 320 22
713 810 5
354 904 48
846 339 45
574 72 4
306 460 7
413 425 8
440 499 35
153 44 7
658 630 3
799 616 23
273 329 35
180 684 39
979 882 28
526 809 2
980 467 15
289 880 40
250 673 39
737 178 35
594 836 16
849 988 32
424 613 11
809 146 47
99 125 32
79 3 41
132 984 8
997 625 40
639 875 15
780 612 44
965 558 32
781 407 22
565 831 36
679 993 32
476 92 9
508 171 14
701 655 0
9 4 26
902 643 3
467 423 18
563 741 26
496 522 34
120 440 17
6 119 10
390 947 4
251 808 28
116 509 33
316 871 38
494 773 33
548 592 9
566 156 0
142 4 24
478 124 14
998 483 33
158 225 33
763 477 41
243 945 0
26 613 21
166 108 46
302 8 41
861 574 47
161 68 3
335 899 27
950 897 10
35 407 38
68 522 15
261 765 12
612 144 25
185 662 35
884 964 43
175 825 19
974 986 40
777 674 39
704 976 38
467 363 45
455 784 20
272 45 35
386 657 31
113 195 44
949 79 8
144 254 36
266 580 24
456 357 48
545 413 26
235 232 40
980 39 24
952 663 19
338 49 29
571 163 26
115 464 5
976 960 11
662 226 41
38 682 0
89 579 13
115 814 46
857 147 35
31 99 49
603 789 0
184 361 15
312 828 31
167 156 42
980 170 18
373 209 3
123 298 34
286 413 49
34 623 48
822 6 49
273 609 41
773 145 4
141 457 32
972 976 41
764 308 11
135 681 20
540 804 18
524 443 34
675 829 7
973 651 13
75 276 25
966 402 22
922 543 32
706 515 10
647 632 19
759 119 2
79 659 9
50 183 4
434 859 33
793 184 37
158 611 13
485 929 15
958 851 8
592 558 26
202 205 8
473 964 27
426 396 38
535 446 21
791 232 32
524 25 19
261 535 30
627 21 12
42 331 13
353 923 21
179 477 29
989 951 43
918 729 39
506 616 37
629 407 19
612 283 46
483 897 32
965 524 5
377 918 38
641 271 11
814 802 40
193 143 43
889 61 22
980 567 40
518 197 47
639 161 33
786 644 30
820 961 4
227 339 22
965 332 46
978 146 0
820 340 44
614 581 7
488 561 25
979 431 24
228 71 37
761 209 31
543 381 42
497 608 33
722 925 15
218 903 12
220 75 4
14 689 37
222 530 48
349 509 30
25 89 1
862 203 12
695 746 43
489 596 1
623 318 26
440 888 31
404 460 6
60 827 48
297 401 28
96 750 39
678 127 30
331 989 33
193 36 32
436 525 30
287 500 48
415 941 38
798 697 48
256 758 25
756 55 28
434 503 28
325 181 7
306 512 48
841 705 34
123 141 12
353 780 14
253 547 7
393 697 5
994 306 13
421 62 20
250 849 24
180 174 5
238 480 18
636 322 25
423 797 17
735 503 49
899 108 49
357 502 46
512 496 2
777 269 15
97 519 14
921 700 40
279 938 21
797 926 45
724 349 42
793 84 47
643 336 6
392 693 8
190 557 6
943 334 25
110 431 47
126 705 47
316 984 37
339 133 15
684 857 17
179 651 1
176 646 39
634 38 34
594 228 41
402 523 27
480 633 9
77 111 16
726 428 0
665 119 35
530 804 42
97 335 45
101 863 41
792 850 31
177 444 12
118 847 35
746 327 21
157 404 34
625 482 14
77 147 34
662 29 40
456 479 25
902 580 40
345 372 40
179 901 35
241 20 34
178 118 13
749 275 19
136 252 1
950 329 48
884 991 29
974 799 8
751 701 40
744 399 13
234 578 14
521 171 36
7 349 4
820 451 31
389 587 33
440 537 14
990 422 5
570 748 5
980 852 8
971 596 9
686 182 39
302 56 10
939 63 10
45 884 13
779 273 0
764 66 37
79 408 11
736 978 12
193 311 14
704 282 12
613 968 44
805 270 0
815 561 16
527 607 0
690 738 25
792 502 43
432 933 2
493 670 32
7 215 43
373 919 27
335 885 45
832 690 16
384 857 29
0 737 36
852 427 26
330 220 29
873 652 14
177 497 34
812 857 2
757 230 21
985 918 8
180 102 0
998 486 8
378 487 45
716 691 24
793 21 46
724 247 0
588 776 0
475 588 7
577 346 39
950 331 9
209 863 11
509 862 48
19 240 37
266 308 28
293 101 2
539 177 49
790 766 25
242 241 16
551 818 12
90 768 45
252 329 8
163 191 20
913 210 12
150 477 23
431 770 26
733 661 4
634 803 20
311 45 13
577 596 33
541 39 3
188 291 33
347 454 24
719 368 36
684 870 15
957 301 37
683 386 49
587 372 2
609 36 0
224 965 46
9 507 37
563 47 28
798 394 35
224 114 3
860 798 25
326 107 29
913 790 17
514 730 40
567 691 26
369 916 41
415 277 0
853 840 48
933 638 44
468 214 10
723 75 8
849 753 17
628 666 8
497 533 40
387 100 31
665 821 49
909 236 27
659 441 19
809 727 10
354 195 24
364 919 49
525 120 2
792 100 21
202 597 4
342 337 6
526 2 29
977 911 15
354 923 9
924 84 36
484 790 33
610 155 4
460 32 24
414 176 26
387 731 24
893 73 11
851 951 15
630 929 27
998 283 2
159 559 36
47 395 27
130 6 34
485 818 18
311 232 44
238 972 25
762 865 1
975 69 2
190 699 31
669 49 17
423 208 28
910 255 24
539 386 32
323 223 0
843 886 34
187 124 6
615 238 24
468 213 43
920 756 44
654 777 44
23 201 2
951 463 10
627 2 48
309 677 21
809 520 7
894 59 34
302 674 22
576 142 38
271 415 46
666 421 25
462 444 26
114 395 39
726 375 43
724 684 20
297 846 42
757 92 2
341 394 28
515 323 23
255 594 38
751 612 11
377 74 5
555 541 2
197 619 27
840 344 14
513 641 10
705 398 2
309 91 46
588 607 21
361 862 16
901 966 30
862 695 7
267 250 0
771 799 19
299 992 15
863 505 7
273 562 7
127 872 49
23 812 6
595 173 20
113 74 36
595 936 31
504 555 34
954 326 33
376 977 25
141 192 32
548 817 47
706 944 21
307 320 33
163 267 6
233 380 32
622 327 18
705 832 25
39 138 1
525 514 31
650 8 23
985 556 41
882 614 35
3 921 5
936 436 24
394 22 6
926 644 34
746 349 18
121 741 6
174 266 23
205 268 31
429 605 39
822 487 6
159 842 29
817 130 16
741 524 40
398 802 34
382 548 35
550 21 28
208 196 44
381 753 15
914 182 20
4 356 10
60 516 4
389 333 35
507 74 9
647 472 14
431 206 12
269 108 36
847 317 32
44 50 37
861 965 22
283 969 28
545 381 44
650 770 27
885 278 4
996 277 26
910 61 35
725 330 43
561 529 12
945 925 13
82 138 30
106 422 49
135 967 32
679 969 4
909 854 32
213 203 12
341 113 23
676 190 3
120 103 34
232 400 12
747 483 0
227 589 22
28 76 42
210 756 11
515 17 18
449 230 21
661 571 36
934 248 27
889 720 30
374 952 31
136 700 16
36 927 7
711 956 36
705 518 42
668 33 11
486 483 41
507 496 14
346 431 12
23 320 32
155 46 37
688 534 37
56 923 16
366 634 24
752 691 43
894 359 26
405 846 11
498 705 8
162 51 41
427 426 11
411 934 10
348 622 44
337 31 17
254 397 3
830 149 44
573 395 4
702 152 2
665 650 7
773 164 11
16 591 37
580 355 23
190 703 48
334 393 29
754 999 26
159 829 25
904 755 22
360 457 24
662 474 26
669 600 40
432 616 34
622 196 39
745 386 44
843 73 39
972 179 38
850 338 18
877 242 25
299 954 34
873 616 8
449 638 8
542 70 25
578 44 23
969 790 10
63 985 35
255 310 14
93 160 4
0 1 13
1 2 38
2 3 49
3 4 38
4 5 37
5 6 3
6 7 22
7 8 13
8 9 20
9 10 33
10 11 14
11 12 10
12 13 41
13 14 6
14 15 32
15 16 18
16 17 36
17 18 27
18 19 42
19 20 5
20 21 19
21 22 4
22 23 21
23 24 4
24 25 39
25 26 26
26 27 16
27 28 5
28 29 19
29 30 27
30 31 9
31 32 35
32 33 17
33 34 8
34 35 23
35 36 6
36 37 12
37 38 48
38 39 19
39 40 34
40 41 31
41 42 36
42 43 46
43 44 22
44 45 44
45 46 28
46 47 43
47 48 31
48 49 7
49 50 35
50 51 36
51 52 26
52 53 39
53 54 9
54 55 33
55 56 28
56 57 35
57 58 49
58 59 35
59 60 7
60 61 28
61 62 44
62 63 42
63 64 45
64 65 3
65 66 17
66 67 4
67 68 17
68 69 15
69 70 25
70 71 3
71 72 48
72 73 11
73 74 49
74 75 23
75 76 6
76 77 27
77 78 16
78 79 37
79 80 35
80 81 3
81 82 25
82 83 13
83 84 42
84 85 35
85 86 46
86 87 22
87 88 22
88 89 48
89 90 7
90 91 31
91 92 28
92 93 1
93 94 23
94 95 24
95 96 6
96 97 43
97 98 30
98 99 25
99 100 10
100 101 5
101 102 28
102 103 9
103 104 17
104 105 27
105 106 34
106 107 23
107 108 5
108 109 0
109 110 12
110 111 42
111 112 3
112 113 37
113 114 7
114 115 47
115 116 24
116 117 4
117 118 19
118 119 47
119 120 4
120 121 28
121 122 28
122 123 32
123 124 31
124 125 4
125 126 8
126 127 40
127 128 49
128 129 38
129 130 15
130 131 9
131 132 46
132 133 44
133 134 20
134 135 13
135 136 21
136 137 4
137 138 38
138 139 28
139 140 6
140 141 2
141 142 20
142 143 11
143 144 39
144 145 28
145 146 8
146 147 16
147 148 34
148 149 29
149 150 15
150 151 40
151 152 9
152 153 43
153 154 22
154 155 41
155 156 49
156 157 33
157 158 31
158 159 0
159 160 23
160 161 46
161 162 10
162 163 19
163 164 40
164 165 32
165 166 32
166 167 14
167 168 39
168 169 22
169 170 42
170 171 45
171 172 24
172 173 15
173 174 9
174 175 16
175 176 45
176 177 17
177 178 32
178 179 31
179 180 49
180 181 47
181 182 21
182 183 8
183 184 42
184 185 45
185 186 1
186 187 44
187 188 28
188 189 32
189 190 44
190 191 2
191 192 31
192 193 6
193 194 21
194 195 23
195 196 41
196 197 6
197 198 37
198 199 30
199 200 30
200 201 30
201 202 27
202 203 5
203 204 45
204 205 36
205 206 23
206 207 42
207 208 6
208 209 5
209 210 23
210 211 7
211 212 4
212 213 44
213 214 15
214 215 46
215 216 41
216 217 19
217 218 40
218 219 20
219 220 1
220 221 37
221 222 24
222 223 34
223 224 43
224 225 45
225 226 8
226 227 34
227 228 3
228 229 45
229 230 16
230 231 34
231 232 27
232 233 44
233 234 41
234 235 24
235 236 32
236 237 14
237 238 16
238 239 40
239 240 21
240 241 39
241 242 47
242 243 25
243 244 35
244 245 15
245 246 21
246 247 27
247 248 34
248 249 14
249 250 49
250 251 37
251 252 1
252 253 23
253 254 22
254 255 46
255 256 20
256 257 32
257 258 31
258 259 24
259 260 27
260 261 49
261 262 10
262 263 5
263 264 43
264 265 1
265 266 31
266 267 26
267 268 17
268 269 48
269 270 18
270 271 38
271 272 39
272 273 16
273 274 13
274 275 25
275 276 31
276 277 36
277 278 4
278 279 17
279 280 0
280 281 3
281 282 4
282 283 3
283 284 26
284 285 28
285 286 2
286 287 46
287 288 10
288 289 35
289 290 22
290 291 38
291 292 34
292 293 34
293 294 45
294 295 28
295 296 35
296 297 28
297 298 6
298 299 4
299 300 26
300 301 24
301 302 42
302 303 16
303 304 42
304 305 7
305 306 43
306 307 25
307 308 44
308 309 49
309 310 42
310 311 46
311 312 2
312 313 47
313 314 0
314 315 30
315 316 27
316 317 2
317 318 28
318 319 38
319 320 37
320 321 1
321 322 28
322 323 23
323 324 35
324 325 23
325 326 1
326 327 23
327 328 3
328 329 9
329 330 29
330 331 30
331 332 36
332 333 22
333 334 48
334 335 28
335 336 29
336 337 43
337 338 4
338 339 25
339 340 42
340 341 48
341 342 22
342 343 46
343 344 45
344 345 24
345 346 26
346 347 23
347 348 28
348 349 4
349 350 13
350 351 17
351 352 7
352 353 41
353 354 40
354 355 45
355 356 16
356 357 42
357 358 20
358 359 19
359 360 3
360 361 49
361 362 1
362 363 39
363 364 21
364 365 49
365 366 20
366 367 3
367 368 44
368 369 26
369 370 28
370 371 36
371 372 24
372 373 2
373 374 32
374 375 22
375 376 26
376 377 10
377 378 47
378 379 4
379 380 15
380 381 10
381 382 21
382 383 24
383 384 1
384 385 12
385 386 19
386 387 19
387 388 6
388 389 39
389 390 38
390 391 9
391 392 41
392 393 40
393 394 1
394 395 12
395 396 41
396 397 23
397 398 17
398 399 36
399 400 49
400 401 48
401 402 22
402 403 25
403 404 0
404 405 7
405 406 47
406 407 27
407 408 17
408 409 46
409 410 31
410 411 34
411 412 6
412 413 3
413 414 11
414 415 9
415 416 17
416 417 30
417 418 28
418 419 23
419 420 22
420 421 19
421 422 34
422 423 13
423 424 9
424 425 37
425 426 27
426 427 0
427 428 10
428 429 47
429 430 38
430 431 11
431 432 45
432 433 13
433 434 37
434 435 45
435 436 20
436 437 36
437 438 22
438 439 39
439 440 33
440 441 6
441 442 26
442 443 41
443 444 11
444 445 37
445 446 1
446 447 28
447 448 19
448 449 31
449 450 1
450 451 41
451 452 0
452 453 37
453 454 6
454 455 11
455 456 25
456 457 36
457 458 14
458 459 37
459 460 33
460 461 2
461 462 49
462 463 28
463 464 15
464 465 38
465 466 23
466 467 37
467 468 26
468 469 48
469 470 27
470 471 9
471 472 4
472 473 3
473 474 3
474 475 15
475 476 40
476 477 6
477 478 45
478 479 9
479 480 37
480 481 48
481 482 3
482 483 40
483 484 35
484 485 11
485 486 3
486 487 10
487 488 47
488 489 17
489 490 0
490 491 30
491 492 20
492 493 49
493 494 8
494 495 37
495 496 37
496 497 34
497 498 25
498 499 13
499 500 32
500 501 2
501 502 25
502 503 38
503 504 7
504 505 30
505 506 5
506 507 49
507 508 36
508 509 0
509 510 10
510 511 25
511 512 48
512 513 15
513 514 17
514 515 35
515 516 27
516 517 21
517 518 48
518 519 24
519 520 38
520 521 48
521 522 5
522 523 10
523 524 49
524 525 15
525 526 48
526 527 38
527 528 49
528 529 23
529 530 3
530 531 33
531 532 27
532 533 28
533 534 21
534 535 36
535 536 8
536 537 28
537 538 35
538 539 46
539 540 30
540 541 47
541 542 22
542 543 30
543 544 13
544 545 39
545 546 16
546 547 40
547 548 12
548 549 14
549 550 14
550 551 1
551 552 14
552 553 21
553 554 13
554 555 13
555 556 37
556 557 11
557 558 1
558 559 38
559 560 36
560 561 4
561 562 22
562 563 15
563 564 35
564 565 45
565 566 1
566 567 45
567 568 26
568 569 38
569 570 42
570 571 6
571 572 36
572 573 16
573 574 37
574 575 49
575 576 7
576 577 3
577 578 39
578 579 20
579 580 19
580 581 5
581 582 23
582 583 35
583 584 29
584 585 36
585 586 48
586 587 18
587 588 0
588 589 1
589 590 6
590 591 38
591 592 5
592 593 30
593 594 6
594 595 42
595 596 28
596 597 9
597 598 38
598 599 4
599 600 48
600 601 32
601 602 10
602 603 34
603 604 0
604 605 47
605 606 35
606 607 7
607 608 2
608 609 26
609 610 29
610 611 23
611 612 33
612 613 2
613 614 8
614 615 12
615 616 41
616 617 6
617 618 30
618 619 41
619 620 9
620 621 39
621 622 31
622 623 17
623 624 19
624 625 37
625 626 9
626 627 47
627 628 47
628 629 49
629 630 3
630 631 45
631 632 33
632 633 14
633 634 31
634 635 33
635 636 13
636 637 18
637 638 43
638 639 16
639 640 46
640 641 24
641 642 39
642 643 29
643 644 29
644 645 0
645 646 44
646 647 20
647 648 8
648 649 24
649 650 13
650 651 18
651 652 15
652 653 44
653 654 35
654 655 35
655 656 34
656 657 46
657 658 34
658 659 31
659 660 46
660 661 38
661 662 28
662 663 31
663 664 4
664 665 11
665 666 17
666 667 17
667 668 31
668 669 12
669 670 35
670 671 27
671 672 36
672 673 27
673 674 6
674 675 15
675 676 27
676 677 0
677 678 35
678 679 37
679 680 27
680 681 48
681 682 5
682 683 42
683 684 45
684 685 42
685 686 29
686 687 29
687 688 39
688 689 16
689 690 12
690 691 37
691 692 6
692 693 40
693 694 18
694 695 10
695 696 3
696 697 35
697 698 29
698 699 34
699 700 47
700 701 17
701 702 11
702 703 36
703 704 44
704 705 19
705 706 1
706 707 23
707 708 22
708 709 39
709 710 10
710 711 49
711 712 37
712 713 18
713 714 43
714 715 34
715 716 10
716 717 25
717 718 13
718 719 49
719 720 41
720 721 25
721 722 38
722 723 47
723 724 17
724 725 7
725 726 9
726 727 20
727 728 44
728 729 38
729 730 4
730 731 44
731 732 5
732 733 17
733 734 30
734 735 1
735 736 37
736 737 33
737 738 26
738 739 9
739 740 22
740 741 39
741 742 10
742 743 12
743 744 7
744 745 5
745 746 46
746 747 19
747 748 30
748 749 12
749 750 21
750 751 23
751 752 39
752 753 9
753 754 22
754 755 9
755 756 16
756 757 31
757 758 29
758 759 13
759 760 20
760 761 36
761 762 7
762 763 27
763 764 5
764 765 39
765 766 31
766 767 42
767 768 22
768 769 7
769 770 3
770 771 47
771 772 46
772 773 15
773 774 9
774 775 5
775 776 21
776 777 7
777 778 25
778 779 3
779 780 21
780 781 48
781 782 27
782 783 11
783 784 7
784 785 1
785 786 22
786 787 26
787 788 33
788 789 1
789 790 39
790 791 5
791 792 39
792 793 48
793 794 32
794 795 47
795 796 39
796 797 15
797 798 41
798 799 13
799 800 23
800 801 45
801 802 10
802 803 21
803 804 12
804 805 21
805 806 29
806 807 35
807 808 29
808 809 6
809 810 39
810 811 0
811 812 4
812 813 18
813 814 13
814 815 11
815 816 19
816 817 35
817 818 37
818 819 4
819 820 39
820 821 28
821 822 9
822 823 30
823 824 28
824 825 44
825 826 27
826 827 17
827 828 9
828 829 19
829 830 31
830 831 34
831 832 16
832 833 43
833 834 6
834 835 28
835 836 15
836 837 37
837 838 14
838 839 44
839 840 43
840 841 5
841 842 46
842 843 49
843 844 23
844 845 12
845 846 12
846 847 44
847 848 47
848 849 0
849 850 49
850 851 38
851 852 30
852 853 10
853 854 19
854 855 9
855 856 4
856 857 48
857 858 26
858 859 14
859 860 17
860 861 9
861 862 48
862 863 33
863 864 3
864 865 6
865 866 14
866 867 18
867 868 43
868 869 28
869 870 14
870 871 38
871 872 33
872 873 10
873 874 37
874 875 8
875 876 22
876 877 0
877 878 4
878 879 22
879 880 2
880 881 5
881 882 10
882 883 34
883 884 16
884 885 31
885 886 43
886 887 20
887 888 30
888 889 22
889 890 36
890 891 47
891 892 31
892 893 35
893 894 33
894 895 34
895 896 43
896 897 47
897 898 2
898 899 37
899 900 27
900 901 18
901 902 27
902 903 12
903 904 29
904 905 17
905 906 22
906 907 3
907 908 19
908 909 26
909 910 27
910 911 21
911 912 34
912 913 40
913 914 5
914 915 0
915 916 21
916 917 1
917 918 20
918 919 3
919 920 23
920 921 7
921 922 3
922 923 4
923 924 44
924 925 38
925 926 41
926 927 37
927 928 37
928 929 45
929 930 26
930 931 14
931 932 14
932 933 4
933 934 28
934 935 45
935 936 21
936 937 0
937 938 0
938 939 42
939 940 28
940 941 28
941 942 13
942 943 12
943 944 20
944 945 20
945 946 14
946 947 43
947 948 23
948 949 35
949 950 47
950 951 46
951 952 44
952 953 0
953 954 3
954 955 38
955 956 38
956 957 46
957 958 27
958 959 25
959 960 41
960 961 4
961 962 41
962 963 5
963 964 10
964 965 19
965 966 2
966 967 33
967 968 21
968 969 3
969 970 25
970 971 1
971 972 33
972 973 40
973 974 16
974 975 3
975 976 12
976 977 32
977 978 46
978 979 36
979 980 19
980 981 43
981 982 34
982 983 13
983 984 45
984 985 39
985 986 3
986 987 35
987 988 35
988 989 33
989 990 12
990 991 27
991 992 37
992 993 3
993 994 34
994 995 49
995 996 24
996 997 37
997 998 32
998 999 47
999 0 40